Date,Open,High,Low,Close,Adj Close,Volume
2007-12-10,19.750000,20.850000,19.600000,20.799999,8.005298,5687700
2007-12-17,20.790001,23.990000,20.000000,21.299999,8.197738,2383100
2007-12-24,21.450001,22.100000,20.750000,21.620001,8.320895,506900
2007-12-31,21.450001,22.990000,18.150000,19.160000,7.374112,1135200
2008-01-07,19.250000,19.290001,15.500000,17.250000,6.639011,1969800
2008-01-14,17.340000,17.340000,14.510000,15.120000,5.819237,1227200
2008-01-21,13.570000,16.830000,13.570000,16.299999,6.273385,921500
2008-01-28,16.500000,19.799999,16.360001,19.500000,7.504969,1611100
2008-02-04,19.690001,19.690001,17.350000,17.670000,6.800654,696000
2008-02-11,17.500000,18.190001,17.000000,17.700001,6.812204,951000
2008-02-18,17.750000,18.150000,17.150000,17.150000,6.644187,461000
2008-02-25,17.020000,18.459999,16.740000,16.900000,6.547332,659600
2008-03-03,16.559999,16.980000,15.260000,15.680000,6.074684,573600
2008-03-10,15.750000,16.270000,14.740000,14.860000,5.757004,220800
2008-03-17,13.520000,16.570000,13.520000,16.309999,6.318755,268400
2008-03-24,15.430000,18.100000,15.430000,17.490000,6.775906,458600
2008-03-31,17.400000,18.250000,16.410000,17.070000,6.613193,2516600
2008-04-07,17.260000,18.670000,16.740000,17.549999,6.799150,592200
2008-04-14,17.700001,19.100000,17.250000,18.430000,7.140078,620900
2008-04-21,18.430000,20.200001,18.280001,20.000000,7.748320,611900
2008-04-28,20.000000,21.350000,19.320000,19.950001,7.728950,479600
2008-05-05,20.150000,21.500000,19.780001,21.400000,8.290705,506300
2008-05-12,21.400000,25.139999,21.180000,24.299999,9.414209,1134800
2008-05-19,26.139999,26.139999,20.629999,21.090000,8.170605,1369500
2008-05-26,21.200001,22.450001,20.139999,21.900000,8.746389,610600
2008-06-02,21.900000,23.469999,21.100000,21.309999,8.510760,917300
2008-06-09,21.040001,23.360001,20.340000,21.840000,8.722431,1281300
2008-06-16,21.910000,23.879999,21.910000,23.209999,9.269577,654800
2008-06-23,23.260000,23.740000,20.750000,23.040001,9.201682,1175400
2008-06-30,23.049999,23.639999,19.440001,20.410000,8.151320,736400
2008-07-07,20.400000,23.129999,19.500000,23.129999,9.237627,678900
2008-07-14,25.010000,25.010000,22.010000,22.200001,8.866205,539400
2008-07-21,22.010000,22.500000,20.500000,21.490000,8.582645,762100
2008-07-28,21.500000,23.219999,21.090000,22.160000,8.850232,577800
2008-08-04,22.250000,22.870001,19.770000,20.270000,8.095401,807600
2008-08-11,20.549999,20.709999,18.430000,18.820000,7.516305,687100
2008-08-18,18.820000,19.590000,18.520000,19.500000,8.143675,455500
2008-08-25,19.510000,20.480000,19.209999,20.150000,8.415132,629400
2008-09-01,19.920000,20.290001,17.530001,17.629999,7.362717,657900
2008-09-08,18.000000,18.480000,17.139999,18.020000,7.525590,740900
2008-09-15,18.000000,21.000000,16.400000,19.250000,8.039269,730100
2008-09-22,19.059999,19.250000,17.350000,17.580000,7.341837,366000
2008-09-29,17.480000,17.490000,15.070000,15.510000,6.477355,614500
2008-10-06,15.130000,15.200000,7.220000,10.580000,4.418466,1394800
2008-10-13,11.100000,14.000000,9.010000,10.660000,4.451877,791800
2008-10-20,11.050000,12.200000,9.550000,9.770000,4.080189,642600
2008-10-27,9.690000,12.360000,8.410000,12.150000,5.074135,575800
2008-11-03,11.910000,13.690000,8.530000,10.710000,4.472757,1055000
2008-11-10,11.000000,12.990000,8.450000,8.650000,3.612450,925600
2008-11-17,8.750000,8.910000,4.820000,6.220000,2.597625,1192900
2008-11-24,6.240000,10.920000,6.240000,10.920000,4.560458,1275700
2008-12-01,9.350000,9.350000,7.510000,8.730000,3.645860,1013200
2008-12-08,8.980000,10.530000,8.750000,10.410000,4.819733,1210300
2008-12-15,10.440000,12.780000,10.000000,11.160000,5.166976,1092700
2008-12-22,11.130000,11.170000,8.880000,11.110000,5.143826,845600
2008-12-29,11.280000,13.360000,10.450000,12.800000,5.926281,635400
2009-01-05,12.900000,14.550000,12.310000,13.410000,6.208703,1070500
2009-01-12,13.410000,13.410000,11.140000,12.000000,5.555887,591500
2009-01-19,12.150000,12.150000,10.550000,11.000000,5.092896,550000
2009-01-26,10.910000,12.150000,10.900000,11.730000,5.430881,484100
2009-02-02,11.670000,12.930000,11.130000,12.500000,5.787384,558400
2009-02-09,12.430000,12.500000,11.360000,11.920000,5.518850,476700
2009-02-16,11.870000,11.870000,9.700000,9.950000,4.606757,610900
2009-02-23,9.900000,12.000000,8.750000,11.500000,5.324393,1199000
2009-03-02,11.620000,11.620000,8.060000,8.290000,3.838192,1435500
2009-03-09,8.000000,9.870000,7.590000,9.430000,4.678170,1278800
2009-03-16,9.800000,10.750000,9.030000,9.330000,4.628559,801300
2009-03-23,9.480000,10.470000,9.170000,9.760000,4.841880,755900
2009-03-30,9.750000,10.400000,9.070000,10.400000,5.159380,753300
2009-04-06,10.130000,10.860000,9.810000,10.700000,5.308209,655200
2009-04-13,10.630000,10.990000,10.000000,10.940000,5.427271,651900
2009-04-20,10.770000,12.980000,9.950000,12.650000,6.275591,1507900
2009-04-27,12.240000,12.970000,11.580000,12.180000,6.042428,1066100
2009-05-04,12.470000,13.990000,12.340000,13.920000,6.905632,856300
2009-05-11,13.510000,13.970000,11.430000,12.220000,6.062273,1401400
2009-05-18,12.980000,13.050000,11.050000,11.090000,5.501686,1868100
2009-05-25,10.990000,12.450000,10.990000,12.330000,6.409775,703400
2009-06-01,12.290000,12.900000,11.420000,12.400000,6.446163,977500
2009-06-08,12.680000,12.750000,11.480000,12.230000,6.357790,609800
2009-06-15,12.140000,12.140000,8.640000,9.200000,4.782639,5641800
2009-06-22,9.280000,9.380000,8.660000,9.000000,4.678668,4259700
2009-06-29,8.970000,9.650000,8.950000,9.460000,4.917801,1534500
2009-07-06,9.210000,9.390000,8.370000,8.940000,4.647478,1594400
2009-07-13,8.970000,9.430000,8.700000,9.380000,4.876213,1299100
2009-07-20,9.400000,9.790000,9.050000,9.700000,5.042564,2399100
2009-07-27,9.720000,9.800000,9.450000,9.680000,5.032167,1447900
2009-08-03,9.780000,9.840000,9.450000,9.620000,5.000976,1598800
2009-08-10,9.650000,9.780000,9.250000,9.420000,4.897007,1241200
2009-08-17,9.300000,9.680000,9.060000,9.310000,4.839822,2412600
2009-08-24,9.450000,9.450000,8.650000,8.800000,4.775782,1703900
2009-08-31,8.680000,8.890000,7.700000,8.820000,4.786638,2515500
2009-09-07,8.900000,9.000000,8.400000,8.620000,4.678096,1272300
2009-09-14,8.630000,8.660000,8.250000,8.300000,4.504432,2058800
2009-09-21,8.250000,8.420000,8.170000,8.350000,4.531567,1703200
2009-09-28,8.370000,8.420000,8.010000,8.180000,4.439309,1331300
2009-10-05,8.160000,9.020000,8.160000,8.800000,4.775782,1260700
2009-10-12,8.900000,9.000000,8.650000,8.830000,4.792064,889500
2009-10-19,8.820000,9.000000,8.650000,8.690000,4.716086,1154900
2009-10-26,8.710000,8.830000,8.000000,8.100000,4.395891,1255800
2009-11-02,8.400000,8.460000,7.950000,8.280000,4.493578,921700
2009-11-09,8.500000,8.710000,8.090000,8.180000,4.439309,962600
2009-11-16,8.220000,8.530000,8.170000,8.390000,4.553276,1357700
2009-11-23,8.400000,8.570000,7.930000,7.940000,4.388367,727000
2009-11-30,7.900000,8.360000,7.850000,8.310000,4.592862,1111200
2009-12-07,8.300000,8.350000,8.030000,8.110000,4.482324,624200
2009-12-14,8.200000,8.630000,8.050000,8.630000,4.769725,1253700
2009-12-21,8.620000,9.000000,8.530000,8.910000,4.924477,1254800
2009-12-28,8.980000,8.980000,8.500000,8.530000,4.714455,549500
2010-01-04,8.600000,9.440000,8.520000,9.370000,5.178716,1145000
2010-01-11,9.440000,9.760000,9.400000,9.750000,5.388739,1567100
2010-01-18,9.750000,9.840000,9.030000,9.100000,5.029489,1227300
2010-01-25,9.160000,9.340000,8.520000,8.610000,4.758669,1076400
2010-02-01,8.610000,9.200000,8.500000,9.190000,5.079230,1387400
2010-02-08,9.160000,9.490000,9.030000,9.380000,5.184244,741600
2010-02-15,9.480000,9.650000,9.400000,9.570000,5.289254,701800
2010-02-22,9.630000,10.250000,9.470000,10.220000,5.648502,1399500
2010-03-01,10.340000,10.500000,9.740000,10.220000,5.648502,1754400
2010-03-08,10.480000,11.330000,10.340000,11.320000,6.415320,1567900
2010-03-15,11.320000,11.730000,11.000000,11.590000,6.568334,1759100
2010-03-22,11.510000,12.310000,11.320000,11.970000,6.783690,1488600
2010-03-29,12.060000,13.190000,11.860000,12.990000,7.361748,1196600
2010-04-05,13.190000,13.240000,11.710000,12.290000,6.965043,9445500
2010-04-12,12.340000,12.680000,11.970000,12.440000,7.050050,4056400
2010-04-19,12.390000,12.950000,12.000000,12.910000,7.316408,2299400
2010-04-26,12.960000,13.240000,12.740000,12.740000,7.220068,3871900
2010-05-03,12.850000,13.220000,10.660000,10.710000,6.069617,3762600
2010-05-10,11.380000,12.470000,11.050000,12.020000,6.812025,2882100
2010-05-17,12.120000,12.370000,9.940000,10.690000,6.058282,2863700
2010-05-24,10.700000,11.350000,9.870000,10.950000,6.404770,1515900
2010-05-31,10.820000,11.530000,10.410000,10.890000,6.369675,1193500
2010-06-07,10.890000,11.450000,10.050000,11.450000,6.697226,1555200
2010-06-14,11.700000,12.250000,11.500000,12.210000,7.141758,1778600
2010-06-21,12.320000,12.450000,11.250000,12.190000,7.130060,2991100
2010-06-28,12.250000,12.250000,10.570000,10.720000,6.270242,1358000
2010-07-05,10.920000,12.090000,10.630000,11.990000,7.013079,1126000
2010-07-12,12.180000,12.340000,11.760000,11.900000,6.960437,1269800
2010-07-19,12.220000,13.150000,12.020000,13.110000,7.668176,2475600
2010-07-26,13.240000,13.750000,13.000000,13.340000,7.802706,2224000
2010-08-02,13.350000,13.960000,13.110000,13.600000,7.954782,1799600
2010-08-09,13.870000,13.870000,12.610000,13.130000,7.679877,2052000
2010-08-16,13.140000,13.930000,12.230000,12.350000,7.223647,2198900
2010-08-23,12.400000,12.480000,11.480000,12.110000,7.263394,1747300
2010-08-30,11.970000,12.140000,11.410000,11.950000,7.167428,1384400
2010-09-06,11.940000,12.900000,11.540000,12.480000,7.485315,1752400
2010-09-13,12.680000,13.040000,12.470000,12.810000,7.683246,1541100
2010-09-20,12.920000,13.080000,12.620000,13.000000,7.797204,1576700
2010-09-27,13.040000,13.300000,12.000000,12.000000,7.197418,8408100
2010-10-04,12.050000,12.140000,11.840000,11.900000,7.137442,5378200
2010-10-11,12.050000,12.200000,12.000000,12.020000,7.209416,4212800
2010-10-18,12.030000,12.400000,11.980000,12.360000,7.413340,4982200
2010-10-25,12.440000,12.450000,11.850000,11.880000,7.125445,3963800
2010-11-01,11.950000,12.660000,11.920000,12.640000,7.581282,4120000
2010-11-08,12.700000,12.750000,12.110000,12.200000,7.317375,4120700
2010-11-15,12.250000,12.320000,11.790000,12.200000,7.501797,3110600
2010-11-22,12.200000,12.230000,11.920000,12.000000,7.378815,1210500
2010-11-29,11.970000,12.130000,11.770000,12.110000,7.446454,2839600
2010-12-06,12.120000,12.320000,12.100000,12.270000,7.544840,1783400
2010-12-13,12.270000,12.270000,11.810000,11.920000,7.329624,1949600
2010-12-20,11.950000,12.300000,11.930000,12.260000,7.538692,1042600
2010-12-27,12.260000,12.350000,12.130000,12.340000,7.587883,1050800
2011-01-03,12.390000,12.900000,12.340000,12.860000,7.907630,2264100
2011-01-10,12.850000,12.990000,12.580000,12.790000,7.864589,1757200
2011-01-17,12.840000,12.890000,11.240000,11.290000,6.942236,3437800
2011-01-24,11.290000,12.200000,11.110000,11.890000,7.311178,3246800
2011-01-31,11.890000,12.080000,11.100000,11.300000,6.948386,7985200
2011-02-07,11.340000,11.380000,11.150000,11.240000,6.911491,3999500
2011-02-14,11.490000,11.490000,11.150000,11.350000,6.979132,2726000
2011-02-21,11.270000,11.310000,10.350000,10.670000,6.560997,4610300
2011-02-28,10.650000,10.940000,10.400000,10.630000,6.536402,3564300
2011-03-07,10.600000,10.710000,9.840000,10.050000,6.307536,3327500
2011-03-14,9.810000,9.890000,9.220000,9.680000,6.075319,4102800
2011-03-21,9.760000,9.900000,9.620000,9.830000,6.169463,1828200
2011-03-28,9.880000,10.930000,9.750000,10.520000,6.602515,4914900
2011-04-04,10.560000,10.850000,10.490000,10.610000,6.659002,1972900
2011-04-11,10.630000,10.670000,10.090000,10.330000,6.483270,1895800
2011-04-18,10.540000,10.540000,9.710000,9.800000,6.150631,1958800
2011-04-25,9.800000,10.030000,9.110000,9.400000,5.899587,4141500
2011-05-02,9.410000,9.490000,9.010000,9.190000,5.767787,2423900
2011-05-09,9.190000,10.020000,9.070000,9.680000,6.075319,2790600
2011-05-16,9.610000,9.690000,8.930000,9.190000,5.767787,3039500
2011-05-23,9.150000,9.150000,8.420000,8.930000,5.761510,3339700
2011-05-30,8.990000,9.360000,8.940000,9.210000,5.942162,2615300
2011-06-06,9.160000,9.340000,8.420000,8.470000,5.464725,2607100
2011-06-13,8.440000,9.200000,8.440000,9.070000,5.851835,2459400
2011-06-20,9.120000,9.480000,9.000000,9.210000,5.942162,2721000
2011-06-27,9.180000,9.500000,9.050000,9.330000,6.019586,1573500
2011-07-04,9.330000,9.450000,9.040000,9.140000,5.896999,1172500
2011-07-11,8.970000,9.150000,8.780000,8.930000,5.761510,1318600
2011-07-18,8.850000,8.960000,8.500000,8.740000,5.638925,1775100
2011-07-25,8.640000,8.670000,7.950000,8.190000,5.284072,2146100
2011-08-01,8.330000,8.500000,6.550000,6.870000,4.432427,3742400
2011-08-08,6.560000,7.090000,6.060000,6.960000,4.490494,4387600
2011-08-15,7.040000,7.350000,6.220000,6.260000,4.038863,2796300
2011-08-22,6.450000,6.500000,5.870000,6.110000,4.066573,2716700
2011-08-29,6.160000,6.870000,6.020000,6.060000,4.033296,2145500
2011-09-05,5.950000,6.250000,5.630000,5.730000,3.813660,1763200
2011-09-12,5.680000,6.240000,5.590000,6.040000,4.019983,1568400
2011-09-19,6.030000,6.070000,5.190000,5.420000,3.607335,2058900
2011-09-26,5.460000,5.740000,4.590000,4.600000,3.061577,2521600
2011-10-03,4.530000,4.600000,3.480000,4.170000,2.775386,4910000
2011-10-10,4.350000,5.020000,4.260000,4.950000,3.294523,2458000
2011-10-17,4.980000,5.190000,4.700000,5.080000,3.381046,2359300
2011-10-24,5.100000,5.220000,4.620000,5.180000,3.447602,3571300
2011-10-31,5.090000,5.150000,4.790000,4.940000,3.287868,2300400
2011-11-07,4.950000,5.000000,4.800000,4.820000,3.208001,2427000
2011-11-14,4.820000,4.960000,4.500000,4.560000,3.034955,2851600
2011-11-21,4.430000,4.450000,3.650000,3.650000,2.506009,2143500
2011-11-28,3.860000,3.950000,3.590000,3.800000,2.608996,2693400
2011-12-05,3.880000,3.960000,3.640000,3.680000,2.526607,2082300
2011-12-12,3.620000,3.760000,3.510000,3.590000,2.464814,2131400
2011-12-19,3.620000,3.800000,3.360000,3.750000,2.574667,2911100
2011-12-26,3.750000,3.790000,3.500000,3.520000,2.416754,2083900
2012-01-02,3.670000,3.920000,3.610000,3.790000,2.602130,1674600
2012-01-09,3.810000,4.380000,3.800000,4.210000,2.890493,2957500
2012-01-16,4.260000,4.660000,4.230000,4.530000,3.110198,2363700
2012-01-23,4.570000,4.850000,4.520000,4.610000,3.165124,2581700
2012-01-30,4.610000,4.640000,4.410000,4.600000,3.158258,1608900
2012-02-06,4.600000,4.830000,3.900000,4.060000,2.787506,20757900
2012-02-13,4.060000,4.510000,3.980000,4.420000,3.034675,15164700
2012-02-20,4.470000,4.570000,4.200000,4.510000,3.179949,5824700
2012-02-27,4.460000,4.580000,4.380000,4.410000,3.109440,7258300
2012-03-05,4.460000,4.550000,4.340000,4.510000,3.179949,5007900
2012-03-12,4.500000,5.320000,4.370000,5.240000,3.694664,9388400
2012-03-19,5.370000,5.690000,4.890000,5.240000,3.694664,13778100
2012-03-26,5.340000,6.180000,5.080000,6.070000,4.279888,15528700
2012-04-02,6.080000,6.330000,5.820000,5.840000,4.117718,6073600
2012-04-09,5.680000,5.930000,5.440000,5.540000,3.906192,5153400
2012-04-16,5.590000,6.040000,5.360000,5.410000,3.814528,7495200
2012-04-23,5.310000,5.570000,5.130000,5.400000,3.807478,5331200
2012-04-30,5.420000,5.530000,4.940000,4.990000,3.518393,7119200
2012-05-07,4.950000,4.960000,4.550000,4.820000,3.398527,7228800
2012-05-14,4.770000,4.820000,4.200000,4.260000,3.003678,7150400
2012-05-21,4.290000,4.590000,4.120000,4.230000,2.982524,5506600
2012-05-28,4.250000,4.320000,3.930000,3.960000,2.898014,3293100
2012-06-04,4.000000,4.300000,3.680000,4.160000,3.044379,4336700
2012-06-11,4.210000,4.260000,4.030000,4.110000,3.007788,3834000
2012-06-18,4.090000,4.510000,4.040000,4.270000,3.124879,4656500
2012-06-25,4.200000,4.590000,4.030000,4.560000,3.337107,3064700
2012-07-02,4.580000,4.580000,4.270000,4.300000,3.146834,2496300
2012-07-09,4.250000,4.300000,4.030000,4.150000,3.037061,2626900
2012-07-16,4.130000,4.160000,3.960000,4.140000,3.029742,3618100
2012-07-23,4.070000,4.120000,3.760000,3.950000,2.890696,3455200
2012-07-30,3.970000,4.080000,3.800000,4.070000,2.978515,2389300
2012-08-06,4.080000,4.350000,4.040000,4.090000,2.993150,3373500
2012-08-13,4.100000,4.450000,4.020000,4.280000,3.132198,4124900
2012-08-20,4.280000,4.330000,4.010000,4.050000,3.039698,2973400
2012-08-27,4.070000,4.110000,3.950000,3.990000,2.994665,2567000
2012-09-03,3.970000,4.150000,3.930000,4.120000,3.092237,2212400
2012-09-10,4.110000,4.270000,4.040000,4.260000,3.197312,2934800
2012-09-17,4.250000,4.320000,4.010000,4.010000,3.009677,2963700
2012-09-24,4.000000,4.030000,3.710000,3.740000,2.807030,4833000
2012-10-01,3.760000,3.940000,3.680000,3.750000,2.814536,3878600
2012-10-08,3.750000,3.770000,3.520000,3.570000,2.679438,3155700
2012-10-15,3.570000,3.630000,3.470000,3.490000,2.619394,2628300
2012-10-22,3.490000,3.520000,3.300000,3.510000,2.634405,2708400
2012-10-29,3.390000,3.560000,3.340000,3.340000,2.506813,1407600
2012-11-05,3.370000,3.680000,2.600000,3.020000,2.266639,6578300
2012-11-12,3.050000,3.070000,2.380000,2.420000,1.816314,5994900
2012-11-19,2.450000,2.670000,2.430000,2.650000,2.004477,2253000
2012-11-26,2.630000,2.770000,2.440000,2.760000,2.087682,2803300
2012-12-03,2.760000,2.790000,2.650000,2.690000,2.034733,2554500
2012-12-10,2.690000,3.200000,2.680000,3.140000,2.375116,4495600
2012-12-17,3.140000,3.280000,2.970000,3.010000,2.276783,2953600
2012-12-24,2.970000,3.000000,2.760000,2.830000,2.140630,1497000
2012-12-31,2.800000,3.390000,2.790000,3.370000,2.549090,2682300
2013-01-07,3.380000,3.430000,3.210000,3.350000,2.533961,1719300
2013-01-14,3.310000,3.330000,3.100000,3.120000,2.359988,1676300
2013-01-21,3.140000,3.140000,2.900000,3.000000,2.269219,1908400
2013-01-28,2.960000,3.140000,2.840000,2.880000,2.178451,2150800
2013-02-04,2.890000,2.920000,2.800000,2.800000,2.117938,1518900
2013-02-11,2.800000,2.860000,2.690000,2.690000,2.034733,2284500
2013-02-18,2.690000,2.750000,2.400000,2.460000,1.860760,3395200
2013-02-25,2.470000,2.670000,2.450000,2.610000,1.974221,2172900
2013-03-04,2.600000,2.860000,2.500000,2.760000,2.112437,1974500
2013-03-11,2.770000,2.780000,2.520000,2.600000,1.989977,3503400
2013-03-18,2.570000,2.780000,2.550000,2.770000,2.120091,4146400
2013-03-25,2.800000,2.890000,2.700000,2.850000,2.181321,2585100
2013-04-01,2.890000,2.890000,2.500000,2.550000,1.951708,2591200
2013-04-08,2.590000,2.680000,2.540000,2.600000,1.989977,1572000
2013-04-15,2.560000,2.590000,2.400000,2.470000,1.890478,2041700
2013-04-22,2.460000,2.620000,2.440000,2.550000,1.951708,1425100
2013-04-29,2.600000,2.600000,2.380000,2.440000,1.867517,1976700
2013-05-06,2.450000,2.700000,2.440000,2.470000,1.890478,2235000
2013-05-13,2.460000,2.820000,2.440000,2.810000,2.150706,2390500
2013-05-20,2.830000,2.960000,2.710000,2.950000,2.283911,3430900
2013-05-27,2.970000,3.060000,2.790000,2.810000,2.175521,2250500
2013-06-03,2.790000,2.890000,2.610000,2.750000,2.129069,2050500
2013-06-10,2.770000,2.840000,2.600000,2.830000,2.191006,1139000
2013-06-17,2.860000,2.940000,2.550000,2.650000,2.051648,2015900
2013-06-24,2.590000,2.660000,2.500000,2.630000,2.036164,1851800
2013-07-01,2.640000,2.760000,2.580000,2.670000,2.067133,1047100
2013-07-08,2.700000,3.000000,2.680000,2.960000,2.291653,1671300
2013-07-15,2.860000,2.900000,2.730000,2.870000,2.221974,1508300
2013-07-22,2.860000,3.090000,2.850000,2.940000,2.300643,2003700
2013-07-29,2.900000,2.930000,2.710000,2.750000,2.151962,1332700
2013-08-05,2.720000,2.770000,2.560000,2.650000,2.073709,1504700
2013-08-12,2.600000,2.740000,2.530000,2.620000,2.050233,1677700
2013-08-19,2.610000,2.700000,2.550000,2.700000,2.112836,1181200
2013-08-26,2.690000,2.850000,2.490000,2.510000,1.964155,1704400
2013-09-02,2.550000,2.790000,2.530000,2.670000,2.089360,1116600
2013-09-09,2.700000,2.790000,2.650000,2.700000,2.112836,1364400
2013-09-16,2.740000,2.970000,2.670000,2.820000,2.206740,3329200
2013-09-23,2.830000,2.860000,2.650000,2.670000,2.089360,2005400
2013-09-30,2.590000,2.740000,2.590000,2.610000,2.042408,1692500
2013-10-07,2.590000,2.730000,2.550000,2.730000,2.136312,1596100
2013-10-14,2.700000,2.900000,2.620000,2.890000,2.287712,2022000
2013-10-21,2.870000,2.900000,2.700000,2.770000,2.192720,1595000
2013-10-28,2.750000,2.830000,2.560000,2.690000,2.129393,1944200
2013-11-04,2.690000,2.700000,2.590000,2.630000,2.081897,2136400
2013-11-11,2.600000,2.830000,2.600000,2.710000,2.145225,1986700
2013-11-18,2.720000,2.790000,2.630000,2.670000,2.113561,1610300
2013-11-25,2.670000,3.000000,2.670000,2.960000,2.343124,1858100
2013-12-02,2.960000,3.420000,2.860000,3.160000,2.501443,4439700
2013-12-09,3.150000,3.470000,3.050000,3.400000,2.691426,2845800
2013-12-16,3.560000,3.700000,3.270000,3.670000,2.905157,3538200
2013-12-23,3.720000,3.890000,3.620000,3.860000,3.055559,1974400
2013-12-30,3.890000,4.030000,3.710000,4.000000,3.166383,2792300
2014-01-06,4.050000,4.190000,3.630000,3.790000,3.000148,3425500
2014-01-13,3.750000,4.150000,3.510000,3.940000,3.118887,4366500
2014-01-20,4.150000,4.500000,3.760000,3.770000,3.008127,4383800
2014-01-27,3.730000,3.850000,3.370000,3.400000,2.712901,3542600
2014-02-03,3.390000,3.660000,3.180000,3.570000,2.848545,3343000
2014-02-10,3.570000,3.650000,3.380000,3.610000,2.880462,2078100
2014-02-17,3.650000,3.980000,3.280000,3.950000,3.151751,3718200
2014-02-24,3.950000,5.080000,3.900000,4.700000,3.750184,6888900
2014-03-03,4.630000,4.870000,4.400000,4.490000,3.582624,4206300
2014-03-10,4.490000,4.560000,4.010000,4.230000,3.375166,3231700
2014-03-17,4.310000,4.390000,4.040000,4.070000,3.247501,3016200
2014-03-24,4.100000,4.160000,3.700000,3.810000,3.040044,2603000
2014-03-31,3.820000,3.900000,3.540000,3.610000,2.880462,3671600
2014-04-07,3.710000,3.790000,3.500000,3.620000,2.888440,2283100
2014-04-14,3.730000,3.800000,3.420000,3.750000,2.992169,2412800
2014-04-21,3.770000,3.920000,3.560000,3.570000,2.872891,2472600
2014-04-28,3.560000,3.660000,3.400000,3.440000,2.768276,2321700
2014-05-05,3.440000,3.470000,3.180000,3.450000,2.776324,2558800
2014-05-12,3.490000,3.680000,3.260000,3.370000,2.711945,3846100
2014-05-19,3.340000,3.650000,3.250000,3.610000,2.905081,2807800
2014-05-26,3.630000,3.780000,3.570000,3.620000,2.913128,2312300
2014-06-02,3.630000,3.770000,3.410000,3.700000,2.977507,1938300
2014-06-09,3.670000,3.860000,3.650000,3.730000,3.001648,1516800
2014-06-16,3.720000,4.260000,3.710000,4.250000,3.420109,4269500
2014-06-23,4.270000,4.500000,4.160000,4.270000,3.436203,3658700
2014-06-30,4.240000,4.380000,4.090000,4.130000,3.323541,1135900
2014-07-07,4.080000,4.140000,3.880000,4.060000,3.267210,1511300
2014-07-14,4.090000,4.200000,3.870000,4.090000,3.291352,1719800
2014-07-21,4.090000,4.350000,3.990000,4.110000,3.331825,1941000
2014-07-28,4.100000,4.140000,3.900000,4.030000,3.266973,1602300
2014-08-04,4.030000,4.190000,3.910000,4.080000,3.307506,1742900
2014-08-11,4.080000,4.380000,4.080000,4.220000,3.420999,2011100
2014-08-18,4.250000,4.440000,4.150000,4.230000,3.429105,1523600
2014-08-25,4.240000,4.400000,4.100000,4.260000,3.453425,1231500
2014-09-01,4.260000,4.440000,4.050000,4.190000,3.396679,1189400
2014-09-08,4.190000,4.240000,3.990000,3.990000,3.234546,1213300
2014-09-15,3.970000,4.300000,3.830000,4.120000,3.339932,2820900
2014-09-22,4.100000,4.100000,3.550000,3.740000,3.031880,2377800
2014-09-29,3.690000,4.090000,3.490000,3.600000,2.918387,2129000
2014-10-06,3.640000,3.700000,3.300000,3.440000,2.788681,1876800
2014-10-13,3.470000,3.890000,3.340000,3.680000,2.983241,2314900
2014-10-20,3.650000,3.880000,3.600000,3.800000,3.107621,1752100
2014-10-27,3.750000,4.250000,3.610000,4.240000,3.467451,2081300
2014-11-03,4.170000,4.400000,4.040000,4.270000,3.491985,2263700
2014-11-10,4.300000,4.360000,4.060000,4.240000,3.467451,1481800
2014-11-17,4.250000,4.500000,4.100000,4.450000,3.639188,2529600
2014-11-24,4.480000,4.560000,4.380000,4.500000,3.680078,1791000
2014-12-01,4.510000,4.990000,4.230000,4.910000,4.015373,3243200
2014-12-08,4.910000,5.390000,4.200000,5.350000,4.375204,4382900
2014-12-15,5.510000,5.950000,4.510000,4.700000,3.843636,20026400
2014-12-22,4.750000,4.880000,4.590000,4.850000,3.966306,7686900
2014-12-29,4.840000,5.270000,4.820000,5.220000,4.268890,7444300
2015-01-05,5.220000,6.330000,5.010000,6.280000,5.135753,14575500
2015-01-12,6.310000,7.050000,5.560000,5.990000,4.898593,16379800
2015-01-19,5.950000,6.000000,5.570000,5.870000,4.822785,5686500
2015-01-26,5.810000,6.060000,4.820000,5.140000,4.223018,9626300
2015-02-02,5.170000,5.620000,5.070000,5.530000,4.543442,6429900
2015-02-09,5.550000,5.590000,5.280000,5.500000,4.518794,5932200
2015-02-16,5.630000,6.300000,5.420000,5.960000,4.896729,9154500
2015-02-23,5.970000,6.280000,5.820000,5.850000,4.806353,4956000
2015-03-02,5.850000,5.930000,5.550000,5.600000,4.600953,4208200
2015-03-09,5.600000,5.650000,5.050000,5.420000,4.453065,4265000
2015-03-16,5.430000,5.890000,5.310000,5.450000,4.477713,4370100
2015-03-23,5.510000,5.800000,5.450000,5.680000,4.666681,3564000
2015-03-30,5.700000,5.990000,5.560000,5.930000,4.872081,3314100
2015-04-06,5.950000,6.220000,5.800000,6.150000,5.052833,4961900
2015-04-13,6.220000,6.400000,6.050000,6.190000,5.085696,7246700
2015-04-20,6.230000,6.770000,6.110000,6.660000,5.498071,5493000
2015-04-27,6.670000,6.890000,6.090000,6.290000,5.192623,6031100
2015-05-04,6.290000,6.550000,6.150000,6.230000,5.143091,4294600
2015-05-11,6.200000,6.540000,5.720000,6.540000,5.399007,11041000
2015-05-18,6.640000,7.300000,6.540000,7.250000,5.985137,9236800
2015-05-25,7.270000,7.280000,6.660000,6.750000,5.572369,5068800
2015-06-01,6.900000,7.880000,6.810000,7.520000,6.208032,18694300
2015-06-08,7.530000,7.720000,7.180000,7.510000,6.199777,7837300
2015-06-15,7.470000,7.820000,7.140000,7.700000,6.356628,9395600
2015-06-22,7.720000,7.760000,6.730000,6.930000,5.720966,11021900
2015-06-29,6.900000,7.190000,6.550000,7.180000,5.927349,7380800
2015-07-06,7.130000,7.140000,6.320000,6.780000,5.597136,7403200
2015-07-13,6.880000,7.630000,6.690000,7.550000,6.232799,9583600
2015-07-20,7.660000,7.880000,7.220000,7.490000,6.210788,9081300
2015-07-27,7.450000,7.630000,6.890000,7.170000,5.945441,7232000
2015-08-03,7.120000,7.370000,6.750000,7.160000,5.937148,9475000
2015-08-10,7.180000,7.290000,6.420000,6.760000,5.605464,7297900
2015-08-17,6.760000,7.010000,5.880000,6.080000,5.041601,9408700
2015-08-24,5.760000,6.210000,4.880000,6.080000,5.041601,9390000
2015-08-31,6.010000,6.600000,5.630000,6.350000,5.265488,11324900
2015-09-07,6.420000,6.560000,6.270000,6.440000,5.340117,6267100
2015-09-14,6.440000,7.100000,6.250000,6.970000,5.779598,9215400
2015-09-21,7.000000,7.140000,6.700000,6.760000,5.605464,8312400
2015-09-28,6.770000,7.280000,6.600000,7.230000,5.995193,8802000
2015-10-05,7.290000,7.950000,7.280000,7.690000,6.376631,13728400
2015-10-12,7.720000,8.320000,7.500000,8.230000,6.824403,10269100
2015-10-19,8.240000,8.530000,7.980000,8.180000,6.809543,10013300
2015-10-26,8.160000,8.260000,7.470000,7.640000,6.360013,14010600
2015-11-02,7.680000,7.690000,6.310000,7.150000,5.952107,19550200
2015-11-09,7.150000,7.400000,6.650000,6.940000,5.777289,9067900
2015-11-16,6.930000,7.350000,6.900000,7.070000,5.885509,8401000
2015-11-23,7.010000,7.240000,6.730000,7.210000,6.002054,6294900
2015-11-30,7.190000,7.550000,6.900000,7.470000,6.218495,14012300
2015-12-07,7.420000,7.750000,7.050000,7.380000,6.143573,9934700
2015-12-14,7.670000,7.810000,6.530000,6.810000,5.669069,15553400
2015-12-21,6.860000,7.140000,6.600000,6.990000,5.818913,5101800
2015-12-28,6.950000,7.090000,6.750000,6.880000,5.727342,7370500
2016-01-04,6.880000,6.890000,5.350000,5.500000,4.578543,15625500
2016-01-11,5.540000,5.650000,4.030000,4.230000,3.521317,22788300
2016-01-18,4.250000,4.810000,4.120000,4.650000,3.870950,11787000
2016-01-25,4.660000,4.710000,4.360000,4.570000,3.804354,10359700
2016-02-01,4.680000,4.690000,4.220000,4.220000,3.606671,10506100
2016-02-08,4.170000,4.200000,3.690000,4.030000,3.444286,12425200
2016-02-15,4.120000,4.800000,4.100000,4.410000,3.769057,8761800
2016-02-22,4.500000,4.540000,3.910000,4.080000,3.487019,9148800
2016-02-29,4.100000,4.200000,3.660000,4.010000,3.427193,17212600
2016-03-07,4.050000,4.070000,3.600000,3.920000,3.350273,17294200
2016-03-14,3.930000,4.300000,3.900000,4.010000,3.427193,9939400
2016-03-21,4.000000,4.010000,3.260000,3.600000,3.076781,9518800
2016-03-28,3.670000,3.820000,3.370000,3.660000,3.128061,7691200
2016-04-04,3.680000,3.720000,3.380000,3.520000,3.008409,8519500
2016-04-11,3.510000,3.810000,3.420000,3.720000,3.179341,10841700
2016-04-18,3.700000,3.910000,3.660000,3.830000,3.273353,7567100
2016-04-25,3.850000,4.090000,3.710000,3.940000,3.367366,12713100
2016-05-02,3.950000,4.020000,3.540000,3.700000,3.162247,11268600
2016-05-09,3.700000,4.160000,3.660000,3.950000,3.375913,8849600
2016-05-16,3.980000,4.040000,3.330000,3.380000,2.888756,13128400
2016-05-23,3.380000,3.550000,3.150000,3.490000,2.982769,16288700
2016-05-30,3.500000,3.570000,3.400000,3.520000,3.093552,6669000
2016-06-06,3.530000,3.840000,3.490000,3.500000,3.075975,8855900
2016-06-13,3.440000,3.520000,3.030000,3.200000,2.812320,11065100
2016-06-20,3.250000,3.330000,3.030000,3.210000,2.821108,10488400
2016-06-27,3.110000,3.150000,2.870000,3.070000,2.698070,10169600
2016-07-04,3.030000,3.050000,2.780000,2.920000,2.566242,7722100
2016-07-11,2.970000,3.280000,2.890000,3.080000,2.706858,8656000
2016-07-18,3.070000,3.250000,3.040000,3.130000,2.750800,5494000
2016-07-25,3.130000,3.150000,2.870000,2.950000,2.592607,6882600
2016-08-01,2.970000,3.120000,2.770000,3.010000,2.645339,8432200
2016-08-08,2.940000,3.090000,2.760000,2.780000,2.443203,8046800
2016-08-15,2.810000,2.890000,2.750000,2.850000,2.558395,6819400
2016-08-22,2.840000,2.910000,2.640000,2.660000,2.387836,6932500
2016-08-29,2.660000,2.720000,2.510000,2.530000,2.271137,7347100
2016-09-05,2.550000,2.810000,2.540000,2.600000,2.333975,5718900
2016-09-12,2.590000,2.710000,2.500000,2.580000,2.316021,6622500
2016-09-19,2.600000,2.640000,2.450000,2.520000,2.262160,5932300
2016-09-26,2.560000,2.580000,2.420000,2.530000,2.271137,6462800
2016-10-03,2.460000,2.800000,2.440000,2.750000,2.468627,6126500
2016-10-10,2.780000,2.850000,2.610000,2.630000,2.360905,6220900
2016-10-17,2.650000,2.730000,2.510000,2.520000,2.262160,6085800
2016-10-24,2.520000,2.610000,2.300000,2.340000,2.100577,6223600
2016-10-31,2.370000,2.390000,1.900000,2.150000,1.930017,15477800
2016-11-07,2.220000,2.390000,2.090000,2.370000,2.127507,9691700
2016-11-14,2.340000,2.640000,2.310000,2.420000,2.202704,9992000
2016-11-21,2.460000,2.600000,2.380000,2.440000,2.220908,5355900
2016-11-28,2.470000,2.470000,2.250000,2.340000,2.129887,5674900
2016-12-05,2.370000,2.780000,2.360000,2.740000,2.493971,10326200
2016-12-12,2.780000,2.780000,2.360000,2.460000,2.239112,9085300
2016-12-19,2.460000,2.510000,2.330000,2.380000,2.166296,7029000
2016-12-26,2.400000,2.440000,2.210000,2.260000,2.057071,8626800
2017-01-02,2.290000,2.480000,2.260000,2.350000,2.138989,6500900
2017-01-09,2.360000,2.380000,2.220000,2.280000,2.075275,8493700
2017-01-16,2.280000,2.440000,2.210000,2.420000,2.202704,5753200
2017-01-23,2.430000,2.510000,2.300000,2.360000,2.148092,6202800
2017-01-30,2.330000,2.500000,2.280000,2.470000,2.248215,7121300
2017-02-06,2.460000,2.490000,2.310000,2.400000,2.184500,7001800
2017-02-13,2.400000,2.700000,2.400000,2.460000,2.239112,8299900
2017-02-20,2.460000,2.530000,2.260000,2.350000,2.138989,6464400
2017-02-27,2.370000,2.420000,2.300000,2.310000,2.102581,6612000
2017-03-06,2.300000,2.380000,2.200000,2.220000,2.046792,5628300
2017-03-13,2.220000,2.290000,2.200000,2.260000,2.083671,6723500
2017-03-20,2.250000,2.260000,1.990000,2.010000,1.853176,7769200
2017-03-27,2.000000,2.140000,1.960000,2.050000,1.890055,10450300
2017-04-03,2.070000,2.140000,1.960000,2.010000,1.853176,6399300
2017-04-10,2.020000,2.110000,2.000000,2.020000,1.862396,4168400
2017-04-17,2.010000,2.120000,1.980000,2.030000,1.871616,5122800
2017-04-24,2.040000,2.100000,2.010000,2.050000,1.890055,3720600
2017-05-01,2.070000,2.080000,1.980000,2.000000,1.843957,4242500
2017-05-08,1.990000,2.050000,1.960000,1.980000,1.825517,4292300
2017-05-15,1.980000,2.010000,1.900000,1.930000,1.779418,5479600
2017-05-22,1.980000,2.200000,1.930000,1.930000,1.779418,7882900
2017-05-29,1.930000,1.990000,1.800000,1.830000,1.712155,6851800
2017-06-05,1.820000,1.910000,1.720000,1.890000,1.768291,9746600
2017-06-12,1.910000,1.910000,1.730000,1.740000,1.627950,8726800
2017-06-19,1.750000,1.760000,1.650000,1.720000,1.609238,10163400
2017-06-26,1.730000,2.000000,1.720000,1.880000,1.758935,12804400
2017-07-03,1.900000,1.910000,1.740000,1.740000,1.627950,3130900
2017-07-10,1.730000,1.790000,1.710000,1.720000,1.609238,3723500
2017-07-17,1.720000,1.800000,1.660000,1.720000,1.609238,6418700
2017-07-24,1.710000,1.790000,1.700000,1.770000,1.656018,4356100
2017-07-31,1.790000,1.830000,1.660000,1.710000,1.599882,6729200
2017-08-07,1.740000,1.740000,1.530000,1.530000,1.431473,7264700
2017-08-14,1.550000,1.740000,1.440000,1.450000,1.382548,9512200
2017-08-21,1.460000,1.550000,1.370000,1.520000,1.449292,5643500
2017-08-28,1.520000,1.550000,1.390000,1.410000,1.344409,5508400
2017-09-04,1.410000,1.430000,1.370000,1.400000,1.334874,3135800
2017-09-11,1.410000,1.590000,1.370000,1.580000,1.506500,6742800
2017-09-18,1.590000,1.640000,1.550000,1.640000,1.563709,6552500
2017-09-25,1.640000,1.660000,1.600000,1.620000,1.544640,4053900
2017-10-02,1.610000,1.630000,1.580000,1.610000,1.535105,3975100
2017-10-09,1.610000,1.650000,1.590000,1.650000,1.573244,3238900
2017-10-16,1.650000,1.720000,1.630000,1.710000,1.630453,5144800
2017-10-23,1.690000,1.700000,1.570000,1.600000,1.525570,3848300
2017-10-30,1.600000,1.620000,1.460000,1.490000,1.420687,3659400
2017-11-06,1.490000,1.550000,1.410000,1.450000,1.382548,5823900
2017-11-13,1.450000,1.510000,1.400000,1.430000,1.363478,3637900
2017-11-20,1.430000,1.610000,1.410000,1.600000,1.558261,5623500
2017-11-27,1.600000,1.950000,1.520000,1.610000,1.568000,19003500
2017-12-04,1.620000,1.630000,1.470000,1.480000,1.441391,8042200
2017-12-11,1.480000,1.570000,1.450000,1.490000,1.451131,8874000
2017-12-18,1.500000,1.550000,1.300000,1.400000,1.363478,27311100
2017-12-25,1.410000,1.430000,1.390000,1.400000,1.363478,4655300
2018-01-01,1.410000,1.410000,1.350000,1.350000,1.314783,4557400
2018-01-08,1.350000,1.400000,1.300000,1.380000,1.344000,6821100
2018-01-15,1.390000,1.430000,1.360000,1.360000,1.324522,3132600
2018-01-22,1.360000,1.410000,1.300000,1.320000,1.285565,4361200
2018-01-29,1.310000,1.330000,1.200000,1.210000,1.178435,8619300
2018-02-05,1.210000,1.230000,1.100000,1.110000,1.081043,8407000
2018-02-12,1.120000,1.230000,1.100000,1.150000,1.120000,9744200
2018-02-19,1.150000,1.260000,1.080000,1.260000,1.227130,6986700
2018-02-26,1.260000,1.280000,1.110000,1.200000,1.168696,5521300
2018-03-05,1.200000,1.260000,1.150000,1.170000,1.170000,3918100
2018-03-12,1.190000,1.270000,1.160000,1.250000,1.250000,5491300
2018-03-19,1.250000,1.250000,1.170000,1.210000,1.210000,3083800
2018-03-26,1.230000,1.250000,1.170000,1.190000,1.190000,2297600
2018-04-02,1.180000,1.190000,1.080000,1.080000,1.080000,5756000
2018-04-09,1.090000,1.180000,1.080000,1.150000,1.150000,5651200
2018-04-16,1.160000,1.210000,1.130000,1.190000,1.190000,4679300
2018-04-23,1.190000,1.220000,1.120000,1.160000,1.160000,4094300
2018-04-30,1.160000,1.180000,1.120000,1.170000,1.170000,2336400
2018-05-07,1.170000,1.190000,1.140000,1.180000,1.180000,2848000
2018-05-14,1.180000,1.190000,1.040000,1.050000,1.050000,8360800
2018-05-21,1.050000,1.050000,0.960000,0.990000,0.990000,9997200
2018-05-28,0.990000,1.140000,0.980000,1.090000,1.090000,4156800
2018-06-04,1.100000,1.180000,1.050000,1.160000,1.160000,5448600
2018-06-11,1.160000,1.160000,1.010000,1.010000,1.010000,8629000
2018-06-18,1.060000,1.350000,1.050000,1.310000,1.310000,15240800
2018-06-22,1.270000,1.350000,1.230000,1.310000,1.310000,4104413
